./solve2.py test.txt
137777
137778 2
137779 2
137788
137789
137799
137888 2
137889
137899
137999 2
138888
138889 2
138899
138999 2
139999
144444 4
144445
144446
144447
144448
144449
144455 2
144456 2
144457 2
144458 2
144459 2
144466 2
144467 2
144468 2
144469 2
144477 2
144478 2
144479 2
144488 2
144489 2
144499 2
144555 2
144556
144557
144558
144559
144566
144567
144568
144569
144577
144578
144579
144588
144589
144599
144666 2
144667
144668
144669
144677
144678
144679
144688
144689
144699
144777 2
144778
144779
144788
144789
144799
144888 2
144889
144899
144999 2
145555
145556 2
145557 2
145558 2
145559 2
145566
145567
145568
145569
145577
145578
145579
145588
145589
145599
145666 2
145667
145668
145669
145677
145688
145699
145777 2
145778
145779
145788
145799
145888 2
145889
145899
145999 2
146666
146667 2
146668 2
146669 2
146677
146678
146679
146688
146689
146699
146777 2
146778
146779
146788
146799
146888 2
146889
146899
146999 2
147777
147778 2
147779 2
147788
147789
147799
147888 2
147889
147899
147999 2
148888
148889 2
148899
148999 2
149999
155555 4
155556
155557
155558
155559
155566 2
155567 2
155568 2
155569 2
155577 2
155578 2
155579 2
155588 2
155589 2
155599 2
155666 2
155667
155668
155669
155677
155678
155679
155688
155689
155699
155777 2
155778
155779
155788
155789
155799
155888 2
155889
155899
155999 2
156666
156667 2
156668 2
156669 2
156677
156678
156679
156688
156689
156699
156777 2
156778
156779
156788
156799
156888 2
156889
156899
156999 2
157777
157778 2
157779 2
157788
157789
157799
157888 2
157889
157899
157999 2
158888
158889 2
158899
158999 2
159999
166666 4
166667
166668
166669
166677 2
166678 2
166679 2
166688 2
166689 2
166699 2
166777 2
166778
166779
166788
166789
166799
166888 2
166889
166899
166999 2
167777
167778 2
167779 2
167788
167789
167799
167888 2
167889
167899
167999 2
168888
168889 2
168899
168999 2
169999
177777 4
177778
177779
177788 2
177789 2
177799 2
177888 2
177889
177899
177999 2
178888
178889 2
178899
178999 2
179999
188888 4
188889
188899 2
188999 2
189999
199999 4
222222
222223 4
222224 4
222225 4
222226 4
222227 4
222228 4
222229 4
222233
222234
222235
222236
222237
222238
222239
222244
222245
222246
222247
222248
222249
222255
222256
222257
222258
222259
222266
222267
222268
222269
222277
222278
222279
222288
222289
222299
222333 2
222334 2
222335 2
222336 2
222337 2
222338 2
222339 2
222344 2
222345 2
222346 2
222347 2
222348 2
222349 2
222355 2
222356 2
222357 2
222358 2
222359 2
222366 2
222367 2
222368 2
222369 2
222377 2
222378 2
222379 2
222388 2
222389 2
222399 2
222444 2
222445 2
222446 2
222447 2
222448 2
222449 2
222455 2
222456 2
222457 2
222458 2
222459 2
222466 2
222467 2
222468 2
222469 2
222477 2
222478 2
222479 2
222488 2
222489 2
222499 2
222555 2
222556 2
222557 2
222558 2
222559 2
222566 2
222567 2
222568 2
222569 2
222577 2
222578 2
222579 2
222588 2
222589 2
222599 2
222666 2
222667 2
222668 2
222669 2
222677 2
222678 2
222679 2
222688 2
222689 2
222699 2
222777 2
222778 2
222779 2
222788 2
222789 2
222799 2
222888 2
222889 2
222899 2
222999 2
223333
223334 2
223335 2
223336 2
223337 2
223338 2
223339 2
223344
223345
223346
223347
223348
223349
223355
223356
223357
223358
223359
223366
223367
223368
223369
223377
223378
223379
223388
223389
223399
223444 2
223445
223446
223447
223448
223449
223455
223456
223457
223458
223459
223466
223467
223468
223469
223477
223478
223479
223488
223489
223499
223555 2
223556
223557
223558
223559
223566
223567
223568
223569
223577
223578
223579
223588
223589
223599
223666 2
223667
223668
223669
223677
223678
223679
223688
223689
223699
223777 2
223778
223779
223788
223789
223799
223888 2
223889
223899
223999 2
224444
224445 2
224446 2
224447 2
224448 2
224449 2
224455
224456
224457
224458
224459
224466
224467
224468
224469
224477
224478
224479
224488
224489
224499
224555 2
224556
224557
224558
224559
224566
224567
224568
224569
224577
224578
224579
224588
224589
224599
224666 2
224667
224668
224669
224677
224678
224679
224688
224689
224699
224777 2
224778
224779
224788
224789
224799
224888 2
224889
224899
224999 2
225555
225556 2
225557 2
225558 2
225559 2
225566
225567
225568
225569
225577
225578
225579
225588
225589
225599
225666 2
225667
225668
225669
225677
225678
225679
225688
225689
225699
225777 2
225778
225779
225788
225789
225799
225888 2
225889
225899
225999 2
226666
226667 2
226668 2
226669 2
226677
226678
226679
226688
226689
226699
226777 2
226778
226779
226788
226789
226799
226888 2
226889
226899
226999 2
227777
227778 2
227779 2
227788
227789
227799
227888 2
227889
227899
227999 2
228888
228889 2
228899
228999 2
229999
233333 4
233334
233335
233336
233337
233338
233339
233344 2
233345 2
233346 2
233347 2
233348 2
233349 2
233355 2
233356 2
233357 2
233358 2
233359 2
233366 2
233367 2
233368 2
233369 2
233377 2
233378 2
233379 2
233388 2
233389 2
233399 2
233444 2
233445
233446
233447
233448
233449
233455
233456
233457
233458
233459
233466
233467
233468
233469
233477
233478
233479
233488
233489
233499
233555 2
233556
233557
233558
233559
233566
233567
233568
233569
233577
233578
233579
233588
233589
233599
233666 2
233667
233668
233669
233677
233678
233679
233688
233689
233699
233777 2
233778
233779
233788
233789
233799
233888 2
233889
233899
233999 2
234444
234445 2
234446 2
234447 2
234448 2
234449 2
234455
234456
234457
234458
234459
234466
234467
234468
234469
234477
234478
234479
234488
234489
234499
234555 2
234556
234557
234558
234559
234566
234577
234588
234599
234666 2
234667
234668
234669
234677
234688
234699
234777 2
234778
234779
234788
234799
234888 2
234889
234899
234999 2
235555
235556 2
235557 2
235558 2
235559 2
235566
235567
235568
235569
235577
235578
235579
235588
235589
235599
235666 2
235667
235668
235669
235677
235688
235699
235777 2
235778
235779
235788
235799
235888 2
235889
235899
235999 2
236666
236667 2
236668 2
236669 2
236677
236678
236679
236688
236689
236699
236777 2
236778
236779
236788
236799
236888 2
236889
236899
236999 2
237777
237778 2
237779 2
237788
237789
237799
237888 2
237889
237899
237999 2
238888
238889 2
238899
238999 2
239999
244444 4
244445
244446
244447
244448
244449
244455 2
244456 2
244457 2
244458 2
244459 2
244466 2
244467 2
244468 2
244469 2
244477 2
244478 2
244479 2
244488 2
244489 2
244499 2
244555 2
244556
244557
244558
244559
244566
244567
244568
244569
244577
244578
244579
244588
244589
244599
244666 2
244667
244668
244669
244677
244678
244679
244688
244689
244699
244777 2
244778
244779
244788
244789
244799
244888 2
244889
244899
244999 2
245555
245556 2
245557 2
245558 2
245559 2
245566
245567
245568
245569
245577
245578
245579
245588
245589
245599
245666 2
245667
245668
245669
245677
245688
245699
245777 2
245778
245779
245788
245799
245888 2
245889
245899
245999 2
246666
246667 2
246668 2
246669 2
246677
246678
246679
246688
246689
246699
246777 2
246778
246779
246788
246799
246888 2
246889
246899
246999 2
247777
247778 2
247779 2
247788
247789
247799
247888 2
247889
247899
247999 2
248888
248889 2
248899
248999 2
249999
255555 4
255556
255557
255558
255559
255566 2
255567 2
255568 2
255569 2
255577 2
255578 2
255579 2
255588 2
255589 2
255599 2
255666 2
255667
255668
255669
255677
255678
255679
255688
255689
255699
255777 2
255778
255779
255788
255789
255799
255888 2
255889
255899
255999 2
256666
256667 2
256668 2
256669 2
256677
256678
256679
256688
256689
256699
256777 2
256778
256779
256788
256799
256888 2
256889
256899
256999 2
257777
257778 2
257779 2
257788
257789
257799
257888 2
257889
257899
257999 2
258888
258889 2
258899
258999 2
259999
266666 4
266667
266668
266669
266677 2
266678 2
266679 2
266688 2
266689 2
266699 2
266777 2
266778
266779
266788
266789
266799
266888 2
266889
266899
266999 2
267777
267778 2
267779 2
267788
267789
267799
267888 2
267889
267899
267999 2
268888
268889 2
268899
268999 2
269999
277777 4
277778
277779
277788 2
277789 2
277799 2
277888 2
277889
277899
277999 2
278888
278889 2
278899
278999 2
279999
288888 4
288889
288899 2
288999 2
289999
299999 4
333333
333334 4
333335 4
333336 4
333337 4
333338 4
333339 4
333344
333345
333346
333347
333348
333349
333355
333356
333357
333358
333359
333366
333367
333368
333369
333377
333378
333379
333388
333389
333399
333444 2
333445 2
333446 2
333447 2
333448 2
333449 2
333455 2
333456 2
333457 2
333458 2
333459 2
333466 2
333467 2
333468 2
333469 2
333477 2
333478 2
333479 2
333488 2
333489 2
333499 2
333555 2
333556 2
333557 2
333558 2
333559 2
333566 2
333567 2
333568 2
333569 2
333577 2
333578 2
333579 2
333588 2
333589 2
333599 2
333666 2
333667 2
333668 2
333669 2
333677 2
333678 2
333679 2
333688 2
333689 2
333699 2
333777 2
333778 2
333779 2
333788 2
333789 2
333799 2
333888 2
333889 2
333899 2
333999 2
334444
334445 2
334446 2
334447 2
334448 2
334449 2
334455
334456
334457
334458
334459
334466
334467
334468
334469
334477
334478
334479
334488
334489
334499
334555 2
334556
334557
334558
334559
334566
334567
334568
334569
334577
334578
334579
334588
334589
334599
334666 2
334667
334668
334669
334677
334678
334679
334688
334689
334699
334777 2
334778
334779
334788
334789
334799
334888 2
334889
334899
334999 2
335555
335556 2
335557 2
335558 2
335559 2
335566
335567
335568
335569
335577
335578
335579
335588
335589
335599
335666 2
335667
335668
335669
335677
335678
335679
335688
335689
335699
335777 2
335778
335779
335788
335789
335799
335888 2
335889
335899
335999 2
336666
336667 2
336668 2
336669 2
336677
336678
336679
336688
336689
336699
336777 2
336778
336779
336788
336789
336799
336888 2
336889
336899
336999 2
337777
337778 2
337779 2
337788
337789
337799
337888 2
337889
337899
337999 2
338888
338889 2
338899
338999 2
339999
344444 4
344445
344446
344447
344448
344449
344455 2
344456 2
344457 2
344458 2
344459 2
344466 2
344467 2
344468 2
344469 2
344477 2
344478 2
344479 2
344488 2
344489 2
344499 2
344555 2
344556
344557
344558
344559
344566
344567
344568
344569
344577
344578
344579
344588
344589
344599
344666 2
344667
344668
344669
344677
344678
344679
344688
344689
344699
344777 2
344778
344779
344788
344789
344799
344888 2
344889
344899
344999 2
345555
345556 2
345557 2
345558 2
345559 2
345566
345567
345568
345569
345577
345578
345579
345588
345589
345599
345666 2
345667
345668
345669
345677
345688
345699
345777 2
345778
345779
345788
345799
345888 2
345889
345899
345999 2
346666
346667 2
346668 2
346669 2
346677
346678
346679
346688
346689
346699
346777 2
346778
346779
346788
346799
346888 2
346889
346899
346999 2
347777
347778 2
347779 2
347788
347789
347799
347888 2
347889
347899
347999 2
348888
348889 2
348899
348999 2
349999
355555 4
355556
355557
355558
355559
355566 2
355567 2
355568 2
355569 2
355577 2
355578 2
355579 2
355588 2
355589 2
355599 2
355666 2
355667
355668
355669
355677
355678
355679
355688
355689
355699
355777 2
355778
355779
355788
355789
355799
355888 2
355889
355899
355999 2
356666
356667 2
356668 2
356669 2
356677
356678
356679
356688
356689
356699
356777 2
356778
356779
356788
356799
356888 2
356889
356899
356999 2
357777
357778 2
357779 2
357788
357789
357799
357888 2
357889
357899
357999 2
358888
358889 2
358899
358999 2
359999
366666 4
366667
366668
366669
366677 2
366678 2
366679 2
366688 2
366689 2
366699 2
366777 2
366778
366779
366788
366789
366799
366888 2
366889
366899
366999 2
367777
367778 2
367779 2
367788
367789
367799
367888 2
367889
367899
367999 2
368888
368889 2
368899
368999 2
369999
377777 4
377778
377779
377788 2
377789 2
377799 2
377888 2
377889
377899
377999 2
378888
378889 2
378899
378999 2
379999
388888 4
388889
388899 2
388999 2
389999
399999 4
444444
444445 4
444446 4
444447 4
444448 4
444449 4
444455
444456
444457
444458
444459
444466
444467
444468
444469
444477
444478
444479
444488
444489
444499
444555 2
444556 2
444557 2
444558 2
444559 2
444566 2
444567 2
444568 2
444569 2
444577 2
444578 2
444579 2
444588 2
444589 2
444599 2
444666 2
444667 2
444668 2
444669 2
444677 2
444678 2
444679 2
444688 2
444689 2
444699 2
444777 2
444778 2
444779 2
444788 2
444789 2
444799 2
444888 2
444889 2
444899 2
444999 2
445555
445556 2
445557 2
445558 2
445559 2
445566
445567
445568
445569
445577
445578
445579
445588
445589
445599
445666 2
445667
445668
445669
445677
445678
445679
445688
445689
445699
445777 2
445778
445779
445788
445789
445799
445888 2
445889
445899
445999 2
446666
446667 2
446668 2
446669 2
446677
446678
446679
446688
446689
446699
446777 2
446778
446779
446788
446789
446799
446888 2
446889
446899
446999 2
447777
447778 2
447779 2
447788
447789
447799
447888 2
447889
447899
447999 2
448888
448889 2
448899
448999 2
449999
455555 4
455556
455557
455558
455559
455566 2
455567 2
455568 2
455569 2
455577 2
455578 2
455579 2
455588 2
455589 2
455599 2
455666 2
455667
455668
455669
455677
455678
455679
455688
455689
455699
455777 2
455778
455779
455788
455789
455799
455888 2
455889
455899
455999 2
456666
456667 2
456668 2
456669 2
456677
456678
456679
456688
456689
456699
456777 2
456778
456779
456788
456799
456888 2
456889
456899
456999 2
457777
457778 2
457779 2
457788
457789
457799
457888 2
457889
457899
457999 2
458888
458889 2
458899
458999 2
459999
466666 4
466667
466668
466669
466677 2
466678 2
466679 2
466688 2
466689 2
466699 2
466777 2
466778
466779
466788
466789
466799
466888 2
466889
466899
466999 2
467777
467778 2
467779 2
467788
467789
467799
467888 2
467889
467899
467999 2
468888
468889 2
468899
468999 2
469999
477777 4
477778
477779
477788 2
477789 2
477799 2
477888 2
477889
477899
477999 2
478888
478889 2
478899
478999 2
479999
488888 4
488889
488899 2
488999 2
489999
499999 4
555555
555556 4
555557 4
555558 4
555559 4
555566
555567
555568
555569
555577
555578
555579
555588
555589
555599
555666 2
555667 2
555668 2
555669 2
555677 2
555678 2
555679 2
555688 2
555689 2
555699 2
555777 2
555778 2
555779 2
555788 2
555789 2
555799 2
555888 2
555889 2
555899 2
555999 2
556666
556667 2
556668 2
556669 2
556677
556678
556679
556688
556689
556699
556777 2
556778
556779
556788
556789
556799
556888 2
556889
556899
556999 2
557777
557778 2
557779 2
557788
557789
557799
557888 2
557889
557899
557999 2
558888
558889 2
558899
558999 2
559999
566666 4
566667
566668
566669
566677 2
566678 2
566679 2
566688 2
566689 2
566699 2
566777 2
566778
566779
566788
566789
566799
566888 2
566889
566899
566999 2
567777
567778 2
567779 2
567788
567789
567799
567888 2
567889
567899
567999 2
568888
568889 2
568899
568999 2
569999
577777 4
577778
577779
577788 2
577789 2
577799 2
577888 2
577889
577899
577999 2
578888
578889 2
578899
578999 2
579999
588888 4
588889
588899 2
588999 2
589999
1109
